Round1:	1000.0
Round2:	671.577729803
Round3:	596.350394701
Round4:	577.397848642
Round5:	567.247407526
Round6:	561.772329603
Round7:	558.870500824
Round8:	557.189972947
Round9:	556.191390649
Round10: 555.572357896
Round11: 555.186790334
Round12: 554.936790267
Round13: 554.776836738
Round14: 554.670485186
