Round1: 1000.0
Round2:	784.551817867
Round3:	762.38176838
Round4:	746.869019249
Round5:	745.724652178
Round6:	746.404257048
Round7:	747.846223801
Round8:	749.370856221
Round9:	750.717457192
Round10: 751.828310735
Round11: 752.729363278
Round12: 753.441137975
Round13: 754.003869533
Round14: 754.444837793
Round15: 754.790854027
Round16: 755.061603734
Round17: 755.273656597
Round18: 755.439596616
